150433747131185353
149948136479079422
149948133526181257
149948134775076426
149948133536473349
149948133220385123
149948105873980472
149948119979982518
149948098394954076
150752591864346192
149948122400588259
149948131555691947
149948131753958452
149948103509876144
149948111282778571
149948106083166384
149948104472982519
149948129748982815
149948132176083881
149948130496153523
149948118608652825
149948098057449653
149948130037190154
149948126554091214
149948133526181257
149948121944767567
149948125423558898
149948132005580931
149948134899483948
149948120896159346
149948131515489271
149948129692562056
149948133536473349
149948131535086190
150608406763558046
151064903133952854
149948133805168874
149948131985779339
149948134775076426
149948102889550788
149948133220385123
149948113162551652
149948131545585997
150112178049284845
149948131545585997
149948129661678880
151316392671172823
150614887444982720
149948133536473349
151022246965163473
150112178049284845
149948130483073974
149948130026578699
149948131641268026
151064903133952854
150608332190507111
151064903133952854
149948123915350807
149948122171461148
149948130483073974
149948103454569611
149948095853479354
150604515357521028
150995781413571693
149948129681057179
150608332190507111
149948132249888418
149948136564488481
149948133220385123
149948125001790752
149948134775076426
149948121982077716
149948131525290956
149948128814085270
149948098057449653
149948113263167980
151022140419371771
149948131568188129
149948135026566274
149948133526181257
150112178049284845
149948122344772864
149948133526181257
149948094009486950
149948133956554610
151064903133952854
149948133805168874
149948128793491184
150832223898999536
149948134754979005
151066037167859326
151065674355885989
151065602826361027
151065566770278890
151066168441690925
151065546114555746
151066335387663393
151065782515283855
151066487589378392
151066692870347993
151066739083660586
151066232043261253
151065897486190525
151066854211990694
151066090714265112
151066478607259694
151065762317090852
151066533800875290
151066792512576784
151066438656258670
151065922729487151
151066115104791701
151066192017878858
151066160276760318
151066761836882569
151066577605266084
151065543730769893
151066065346587890
151066380077852342
151065672629770560
151065676262185109
151066490767866358
151065521898581566
151066257144464649
151066431548963231
149948123965857977
151066776145256083
151065492527981729
151066235463773529
151066564724987644
151065861616756147
151065817341276107
151065526896782183
151066719042268281
151065889726482837
151066013033977593
151066308786391789
151065917271886657
151066375967263379
151066117457757459
151066283697790611
151066648700154023
151065564141772231
151066477196759769
151065734084983197
151066022399849114
151066399437471321
151065620226254909
151065751040182524
151066617602056234
151066633737152785
151066549097956826
151065784791761203
151066422728159438
151066409167973751
151066657363291036
151065813591461098
151066282901557873
151066719796763994
151066622203667382
151065869677555716
151066338010189913
151065959492052552
151065594653070581
151066597397646463
151065661905570871
151066641529658476
151066514374289697
151066721620754023
151066421030151155
151065782123147592
151065971784365239
151066398146973608
151065596264685459
151066032491956708
151066292373786889
151066068500462393
151066031176385387
151066568283670766
151066589296277789
151066521995388794
151066394127965478
151066116453475211
151066216648760601
151066135906451061
151065569158191195
151066329010148510
151066674895350654
151066148782089147
151066779376250433
151065514124181806
151065717076749853
151065576189158499
151066730538482447
151066837033759657
151065936409963588
151066772966453141
151066281475877132
151066704421554021
151066029623156155
151066234572466899
151066488383071539
151065601501660657
151066019920765252
151066857977789617
151066573635763310
151066165013968428
151066113633166860
151066014617280354
151066552925363031
151065713259149663
151066475920866700
151065970853251341
151066268291262872
151065888273272993
151066088476965991
151066516166552025
151066106649987470
151066484137868663
151066088769965167
151066436572847523
151066456668150839
151065616554979971
151066155039289247
151066676232950835
151065656977683316
151066110105986927
151066683972172120
151066742810067639
151066788441780506
151066380693562906
151065621090469664
151065881330569543
151065502200466807
150095254135690331
151066213129478996
151066384739575514
151065731587179957
151065809063284117
151065693834065670
151066619995459180
151065845368076285
151065717453184226
151066660249847689
151065484026182665
151065680018790062
151065835582049513
151065701225475089
151066503011582660
149948094334456955
151066599084086350
151066496683159183
151066857074585539
151066799689382335
151066445939491256
151066351089787572
151066722339947181
151065615063076986
151065905801667617
151065994988362022
151066566773848299
151065359518150146
151066775808449053
151065529802764595
151065597288759374
151065735791370425
151065813252349208
151065865934761122
151066605984086017
151065660624149594
151066844546581286
151066596147570904
151065547394647529
151066383088871661
151065726924791225
151066476879370845
151066442580055296
151066384137791495
151066764275491739
151065923571653385
151065558998273640
151065819464878919
151066408158182323
151066291230973402
151066023863458843
151065816291646284
151066151374771930
151066397537665009
151066229597646640
151066532778585564
151066271900373029
151066342362753604
151065858233063100
151065655449773749
151065639591855943
151066285634290509
151066595442884466
151065998087955540
151066086917150241
151065523540269941
151066378099188441
151065840098375262
151066720093769620
151066718632377439
151065621731284273
151066274906777844
151065624451365543
151065947010563150
151066404486452384
151066728414182265
151066607939470180
151066404161159676
151066305264764862
151065870645763233
151065994568862889
151066743103563395
151065544100675608
151066309911774652
151066145333066608
151066029928876758
151065698007863053
151066748006573149
151065501272150324
151066398793992087
151066490141090006
150598364684784441
151065918488376890
151066743723557088
151065525140070912
151066684950285300
151065772826870472
151066661882654767
151065841564248142
151066663363170837
151066318956657964
151066421347359947
151065823969872623
151065930596878895
151065635208667896
151065532595764086
151066639146883329
151065867068876652
151066581977669013
151065622273070702
151065506967160085
151066509824279275
151065852620157978
151065538491559956
151066103128882952
151066048911354804
151065591838752985
151065851964676146
151066563342461662
151066433032751418
151066362359790811
151066615965384211
151065990178081643
151065732060552643
151066381013050369
151066694101592091
151066034872283035
151066374288390464
150666402987059298
151066469055176497
151065498421477294
151066805242167496
151066495931546845
151065920052865067
151066248937875214
151066251743376231
151066069236678342
151066327498358195
151066097182685074
151066642648263016
151065605152354855
151065640781786919
151066730177586671
151066150951964627
151066009555489265
150638782633055440
151066509358052707
151066185670785397
151065527794668749
151066459928460888
151066087199082599
151066026989779451
151066591962649959
151066191333678394
151065803148284825
151066455778184457
151066275231964523
151066160582083163
151066372711651587
151066293891161936
151066188533483960
150640690785259374
151065788920158726
151065830136250699
151065605761549784
151065816955362502
151065583437969656
151066676943265184
151065635727372859
151066584119687322
151066271094174802
151065538904190447
151065633359780312
151066197789162480
151066131295173200
151066516826060542
151066709001965160
151066408453849771
151066610499788957
151066092169062251
151066714720667003
151066091099154187
151066685725491614
151066681636067055
151066841948356939
151065504724362092
151065653250272613
151066066755678326
151066441047565596
151066560618153806
151066504733889090
151066596468783405
151066810328566576
151066314520349352
151065986220954031
151066716138887083
151066614081179381
151066440731274742
151066645887770676
151066132665250508
151066535808271277
151065516463071803
151065679362182585
151066787592866998
151066315667770738
151065920363391670
151066277933547278
151066461248681578
151066116149261061
151065691863960367
151066123490755242
151066811254088620
151066638452768840
151066712467077174
151066405071070887
151066544009379402
151066844844368224
151065562620487120
151065502822762651
151066372038449338
151065785839367400
151066245565862458
151065521625352578
151066423790050085
151066261999964134
151066586109578133
151065723587570320
151066773659556542
151066571387988159
151066431942887060
151065931510464618
151066654876066930
151066791134472804
151066227458281198
151066000587477973
151065823601965375
151065680964166642
151065596587559193
151066483094272715
151065682020665378
151066517846368452
151066828360188438
151065829368167752
151066003215553281
151066229915774884
151065767303550485
151066382150674965
151065876170485984
151066240095471944
151065979367467051
151066861229885301
151065755531673318
151066214918591258
151065548522952703
151066641185255667
151066868320751242
151066635661959570
151066574314465805
151065571027272005
151065798929570357
151066317053049380
151066618318653125
151065877440958372
151065858864181402
151066590198585434
151066171039971027
151066873546771706
151066308444748717
151066460291685183
151066719464680418
151066541419263925
151065525704452382
151066748629953658
151065991782670202
151066021779989361
151066032768791260
151066163648291417
151066056622872747
151066263488788189
151066636055490984
150095251382052431
151066419920062223
151065770977851145
151066483767662963
151065826188986566
151066559281463797
151066543706049360
150095248768168764
151066178895649420
151066230246789128
151065893724390256
151066046907777369
151065618377556502
151065517096450603
151065810803253848
151065791601590004
151066673212764285
151065560178473763
151066487952863492
151066833963759135
151066652727876067
151065540101983401
151065879785168596
151066553564582297
151066252264359169
151065911616783152
151065591021446470
151066297304653735
151066020846258637
151066314162747049
151066030884273404
151066322532361468
151066128744166914
151066212349778852
151065864945057011
151066084850379372
151066651309984923
151065902859954381
151065848932286833
151066198185675644
151066773281949295
151065871972652879
151066428056387239
151065627701289895
151065553717555536
151066144058252514
151066488806451033
151065632423872041
151066386555976930
151065689279376303
151066731000666640
151066418593159421
151066233388449111
151065963165052024
151066479601358929
151066204646449127
151065495707274860
151066280003774933
151066104040874217
151066819209154406
151065894868950790
151065987718267288
151066259278953854
151065774360161319
151065678674148298
151065962561060722
151066651699261906
151065625641160353
151065721227171967
151066658660156067
151065987365184463
151066300158681531
151066615016069366
151066182869564183
151066532130774592
151066584509656944
